10	1	1.69199	1.13058	4.78257	0.00989728	0.0068691	0.00993796
10	2	1.70189	1.13745	4.7925	0.00989728	0.0068691	0.00993796
10	3	1.71179	1.14432	4.80244	0.00989728	0.0068691	0.00993796
10	4	1.72168	1.15119	4.81238	0.00989728	0.0068691	0.00993796
10	5	1.73158	1.15806	4.82232	0.00989728	0.0068691	0.00993796
10	6	1.74148	1.16492	4.83226	0.00989728	0.0068691	0.00993796
10	7	1.75137	1.17179	4.84219	0.00989728	0.0068691	0.00993796
10	8	1.76127	1.17866	4.85213	0.00989728	0.0068691	0.00993796
10	9	1.77117	1.18553	4.86207	0.00989728	0.0068691	0.00993796
10	10	1.78107	1.1924	4.87201	0.00989728	0.0068691	0.00993796
10	11	1.79096	1.19927	4.88195	0.00989728	0.0068691	0.00993796
10	12	1.80086	1.20614	4.89188	0.00989728	0.0068691	0.00993796
10	13	1.81076	1.21301	4.90182	0.00989728	0.0068691	0.00993796
10	14	1.82066	1.21988	4.91176	0.00989728	0.0068691	0.00993796
10	15	1.83055	1.22675	4.9217	0.00989728	0.0068691	0.00993796
10	16	1.84045	1.23362	4.93164	0.00989728	0.0068691	0.00993796
10	17	1.85035	1.24049	4.94157	0.00989728	0.0068691	0.00993796
10	18	1.86024	1.24735	4.95151	0.00989728	0.0068691	0.00993796
10	19	1.87014	1.25422	4.96145	0.00989728	0.0068691	0.00993796
10	20	1.88004	1.26109	4.97139	0.00989728	0.0068691	0.00993796
10	21	1.88994	1.26796	4.98132	0.00989728	0.0068691	0.00993796
10	22	1.89983	1.27483	4.99126	0.00989728	0.0068691	0.00993796
10	23	1.90973	1.2817	5.0012	0.00989728	0.0068691	0.00993796
10	24	1.91963	1.28857	5.01114	0.00989728	0.0068691	0.00993796
10	25	1.92953	1.29544	5.02108	0.00989728	0.0068691	0.00993796
10	26	1.93942	1.30231	5.03101	0.00989728	0.0068691	0.00993796
10	27	1.94932	1.30918	5.04095	0.00989728	0.0068691	0.00993796
10	28	1.95922	1.31605	5.05089	0.00989728	0.0068691	0.00993796
10	29	1.96911	1.32291	5.06083	0.00989728	0.0068691	0.00993796
10	30	1.97901	1.32978	5.07077	0.00989728	0.0068691	0.00993796
10	31	1.98891	1.33665	5.0807	0.00989728	0.0068691	0.00993796
10	32	1.99881	1.34352	5.09064	0.00989728	0.0068691	0.00993796
10	33	2.0087	1.35039	5.10058	0.00989728	0.0068691	0.00993796
10	34	2.0186	1.35726	5.11052	0.00989728	0.0068691	0.00993796
10	35	2.0285	1.36413	5.12046	0.00989728	0.0068691	0.00993796
10	36	2.0384	1.371	5.13039	0.00989728	0.0068691	0.00993796
10	37	2.04829	1.37787	5.14033	0.00989728	0.0068691	0.00993796
10	38	2.05819	1.38474	5.15027	0.00989728	0.0068691	0.00993796
10	39	2.06809	1.39161	5.16021	0.00989728	0.0068691	0.00993796
10	40	2.07798	1.39847	5.17015	0.00989728	0.0068691	0.00993796
10	41	2.08788	1.40534	5.18008	0.00989728	0.0068691	0.00993796
10	42	2.09778	1.41221	5.19002	0.00989728	0.0068691	0.00993796
10	43	2.10768	1.41908	5.19996	0.00989728	0.0068691	0.00993796
10	44	2.11757	1.42595	5.2099	0.00989728	0.0068691	0.00993796
10	45	2.12747	1.43282	5.21984	0.00989728	0.0068691	0.00993796
10	46	2.13737	1.43969	5.22977	0.00989728	0.0068691	0.00993796
10	47	2.14727	1.44656	5.23971	0.00989728	0.0068691	0.00993796
10	48	2.15716	1.45343	5.24965	0.00989728	0.0068691	0.00993796
10	49	2.16706	1.4603	5.25959	0.00989728	0.0068691	0.00993796
10	50	2.17696	1.46717	5.26953	0.00989728	0.0068691	0.00993796
10	51	2.18685	1.47403	5.27946	0.00989728	0.0068691	0.00993796
10	52	2.19675	1.4809	5.2894	0.00989728	0.0068691	0.00993796
10	53	2.20665	1.48777	5.29934	0.00989728	0.0068691	0.00993796
10	54	2.21655	1.49464	5.30928	0.00989728	0.0068691	0.00993796
10	55	2.22644	1.50151	5.31922	0.00989728	0.0068691	0.00993796
10	56	2.23634	1.50838	5.32915	0.00989728	0.0068691	0.00993796
10	57	2.24624	1.51525	5.33909	0.00989728	0.0068691	0.00993796
10	58	2.25614	1.52212	5.34903	0.00989728	0.0068691	0.00993796
10	59	2.26603	1.52899	5.35897	0.00989728	0.0068691	0.00993796
10	60	2.27593	1.53586	5.36891	0.00989728	0.0068691	0.00993796
10	61	2.28583	1.54273	5.37884	0.00989728	0.0068691	0.00993796
10	62	2.29572	1.54959	5.38878	0.00989728	0.0068691	0.00993796
10	63	2.30562	1.55646	5.39872	0.00989728	0.0068691	0.00993796
10	64	2.31552	1.56333	5.40866	0.00989728	0.0068691	0.00993796
10	65	2.32542	1.5702	5.41859	0.00989728	0.0068691	0.00993796
10	66	2.33531	1.57707	5.42853	0.00989728	0.0068691	0.00993796
10	67	2.34521	1.58394	5.43847	0.00989728	0.0068691	0.00993796
10	68	2.35511	1.59081	5.44841	0.00989728	0.0068691	0.00993796
10	69	2.36501	1.59768	5.45835	0.00989728	0.0068691	0.00993796
10	70	2.3749	1.60455	5.46828	0.00989728	0.0068691	0.00993796
10	71	2.3848	1.61142	5.47822	0.00989728	0.0068691	0.00993796
10	72	2.3947	1.61829	5.48816	0.00989728	0.0068691	0.00993796
10	73	2.40459	1.62515	5.4981	0.00989728	0.0068691	0.00993796
10	74	2.41449	1.63202	5.50804	0.00989728	0.0068691	0.00993796
10	75	2.42439	1.63889	5.51797	0.00989728	0.0068691	0.00993796
10	76	2.43429	1.64576	5.52791	0.00989728	0.0068691	0.00993796
10	77	2.44418	1.65263	5.53785	0.00989728	0.0068691	0.00993796
10	78	2.45408	1.6595	5.54779	0.00989728	0.0068691	0.00993796
10	79	2.46398	1.66637	5.55773	0.00989728	0.0068691	0.00993796
10	80	2.47388	1.67324	5.56766	0.00989728	0.0068691	0.00993796
10	81	2.48377	1.68011	5.5776	0.00989728	0.0068691	0.00993796
10	82	2.49367	1.68698	5.58754	0.00989728	0.0068691	0.00993796
10	83	2.50357	1.69385	5.59748	0.00989728	0.0068691	0.00993796
10	84	2.51346	1.70071	5.60742	0.00989728	0.0068691	0.00993796
10	85	2.52336	1.70758	5.61735	0.00989728	0.0068691	0.00993796
10	86	2.53326	1.71445	5.62729	0.00989728	0.0068691	0.00993796
10	87	2.54316	1.72132	5.63723	0.00989728	0.0068691	0.00993796
10	88	2.55305	1.72819	5.64717	0.00989728	0.0068691	0.00993796
10	89	2.56295	1.73506	5.65711	0.00989728	0.0068691	0.00993796
10	90	2.57285	1.74193	5.66704	0.00989728	0.0068691	0.00993796
10	91	2.58275	1.7488	5.67698	0.00989728	0.0068691	0.00993796
10	92	2.59264	1.75567	5.68692	0.00989728	0.0068691	0.00993796
10	93	2.60254	1.76254	5.69686	0.00989728	0.0068691	0.00993796
10	94	2.61244	1.76941	5.7068	0.00989728	0.0068691	0.00993796
10	95	2.62233	1.77627	5.71673	0.00989728	0.0068691	0.00993796
10	96	2.63223	1.78314	5.72667	0.00989728	0.0068691	0.00993796
10	97	2.64213	1.79001	5.73661	0.00989728	0.0068691	0.00993796
10	98	2.65203	1.79688	5.74655	0.00989728	0.0068691	0.00993796
10	99	2.66192	1.80375	5.75649	0.00989728	0.0068691	0.00993796
10	100	2.67182	1.81062	5.76642	0.00989728	0.0068691	0.00993796
10	101	2.68172	1.81749	5.77636	0.00989728	0.0068691	0.00993796
10	102	2.69162	1.82436	5.7863	0.00989728	0.0068691	0.00993796
10	103	2.70151	1.83123	5.79624	0.00989728	0.0068691	0.00993796
10	104	2.71141	1.8381	5.80618	0.00989728	0.0068691	0.00993796
10	105	2.72131	1.84497	5.81611	0.00989728	0.0068691	0.00993796
10	106	2.7312	1.85183	5.82605	0.00989728	0.0068691	0.00993796
10	107	2.7411	1.8587	5.83599	0.00989728	0.0068691	0.00993796
10	108	2.751	1.86557	5.84593	0.00989728	0.0068691	0.00993796
10	109	2.7609	1.87244	5.85586	0.00989728	0.0068691	0.00993796
10	110	2.77079	1.87931	5.8658	0.00989728	0.0068691	0.00993796
10	111	2.78069	1.88618	5.87574	0.00989728	0.0068691	0.00993796
10	112	2.79059	1.89305	5.88568	0.00989728	0.0068691	0.00993796
10	113	2.80049	1.89992	5.89562	0.00989728	0.0068691	0.00993796
10	114	2.81038	1.90679	5.90555	0.00989728	0.0068691	0.00993796
10	115	2.82028	1.91366	5.91549	0.00989728	0.0068691	0.00993796
10	116	2.83018	1.92053	5.92543	0.00989728	0.0068691	0.00993796
10	117	2.84007	1.92739	5.93537	0.00989728	0.0068691	0.00993796
10	118	2.84997	1.93426	5.94531	0.00989728	0.0068691	0.00993796
10	119	2.85987	1.94113	5.95524	0.00989728	0.0068691	0.00993796
10	120	2.86977	1.948	5.96518	0.00989728	0.0068691	0.00993796
10	121	2.87966	1.95487	5.97512	0.00989728	0.0068691	0.00993796
10	122	2.88956	1.96174	5.98506	0.00989728	0.0068691	0.00993796
10	123	2.89946	1.96861	5.995	0.00989728	0.0068691	0.00993796
10	124	2.90936	1.97548	6.00493	0.00989728	0.0068691	0.00993796
10	125	2.91925	1.98235	6.01487	0.00989728	0.0068691	0.00993796
10	126	2.92915	1.98922	6.02481	0.00989728	0.0068691	0.00993796
10	127	2.93905	1.99609	6.03475	0.00989728	0.0068691	0.00993796
10	128	2.94894	2.00295	6.04469	0.00989728	0.0068691	0.00993796
10	129	2.95884	2.00982	6.05462	0.00989728	0.0068691	0.00993796
10	130	2.96874	2.01669	6.06456	0.00989728	0.0068691	0.00993796
10	131	2.97864	2.02356	6.0745	0.00989728	0.0068691	0.00993796
10	132	2.98853	2.03043	6.08444	0.00989728	0.0068691	0.00993796
10	133	2.99843	2.0373	6.09438	0.00989728	0.0068691	0.00993796
10	134	3.00833	2.04417	6.10431	0.00989728	0.0068691	0.00993796
10	135	3.01823	2.05104	6.11425	0.00989728	0.0068691	0.00993796
10	136	3.02812	2.05791	6.12419	0.00989728	0.0068691	0.00993796
10	137	3.03802	2.06478	6.13413	0.00989728	0.0068691	0.00993796
10	138	3.04792	2.07165	6.14407	0.00989728	0.0068691	0.00993796
10	139	3.05781	2.07852	6.154	0.00989728	0.0068691	0.00993796
10	140	3.06771	2.08538	6.16394	0.00989728	0.0068691	0.00993796
10	141	3.07761	2.09225	6.17388	0.00989728	0.0068691	0.00993796
10	142	3.08751	2.09912	6.18382	0.00989728	0.0068691	0.00993796
10	143	3.0974	2.10599	6.19376	0.00989728	0.0068691	0.00993796
10	144	3.1073	2.11286	6.20369	0.00989728	0.0068691	0.00993796
10	145	3.1172	2.11973	6.21363	0.00989728	0.0068691	0.00993796
10	146	3.1271	2.1266	6.22357	0.00989728	0.0068691	0.00993796
10	147	3.13699	2.13347	6.23351	0.00989728	0.0068691	0.00993796
10	148	3.14689	2.14034	6.24345	0.00989728	0.0068691	0.00993796
10	149	3.15679	2.14721	6.25338	0.00989728	0.0068691	0.00993796
10	150	3.16668	2.15408	6.26332	0.00989728	0.0068691	0.00993796
10	151	3.17658	2.16094	6.27326	0.00989728	0.0068691	0.00993796
10	152	3.18648	2.16781	6.2832	0.00989728	0.0068691	0.00993796
10	153	3.19638	2.17468	6.29313	0.00989728	0.0068691	0.00993796
10	154	3.20627	2.18155	6.30307	0.00989728	0.0068691	0.00993796
10	155	3.21617	2.18842	6.31301	0.00989728	0.0068691	0.00993796
10	156	3.22607	2.19529	6.32295	0.00989728	0.0068691	0.00993796
10	157	3.23597	2.20216	6.33289	0.00989728	0.0068691	0.00993796
10	158	3.24586	2.20903	6.34282	0.00989728	0.0068691	0.00993796
10	159	3.25576	2.2159	6.35276	0.00989728	0.0068691	0.00993796
10	160	3.26566	2.22277	6.3627	0.00989728	0.0068691	0.00993796
10	161	3.27556	2.22964	6.37264	0.00989728	0.0068691	0.00993796
10	162	3.28545	2.2365	6.38258	0.00989728	0.0068691	0.00993796
10	163	3.29535	2.24337	6.39251	0.00989728	0.0068691	0.00993796
10	164	3.30525	2.25024	6.40245	0.00989728	0.0068691	0.00993796
10	165	3.31514	2.25711	6.41239	0.00989728	0.0068691	0.00993796
10	166	3.32504	2.26398	6.42233	0.00989728	0.0068691	0.00993796
10	167	3.33494	2.27085	6.43227	0.00989728	0.0068691	0.00993796
10	168	3.34484	2.27772	6.4422	0.00989728	0.0068691	0.00993796
10	169	3.35473	2.28459	6.45214	0.00989728	0.0068691	0.00993796
10	170	3.36463	2.29146	6.46208	0.00989728	0.0068691	0.00993796
10	171	3.37453	2.29833	6.47202	0.00989728	0.0068691	0.00993796
10	172	3.38443	2.3052	6.48196	0.00989728	0.0068691	0.00993796
10	173	3.39432	2.31206	6.49189	0.00989728	0.0068691	0.00993796
10	174	3.40422	2.31893	6.50183	0.00989728	0.0068691	0.00993796
10	175	3.41412	2.3258	6.51177	0.00989728	0.0068691	0.00993796
10	176	3.42401	2.33267	6.52171	0.00989728	0.0068691	0.00993796
10	177	3.43391	2.33954	6.53165	0.00989728	0.0068691	0.00993796
10	178	3.44381	2.34641	6.54158	0.00989728	0.0068691	0.00993796
10	179	3.45371	2.35328	6.55152	0.00989728	0.0068691	0.00993796
10	180	3.4636	2.36015	6.56146	0.00989728	0.0068691	0.00993796
10	181	3.4735	2.36702	6.5714	0.00989728	0.0068691	0.00993796
10	182	3.4834	2.37389	6.58134	0.00989728	0.0068691	0.00993796
10	183	3.4933	2.38076	6.59127	0.00989728	0.0068691	0.00993796
10	184	3.50319	2.38762	6.60121	0.00989728	0.0068691	0.00993796
10	185	3.51309	2.39449	6.61115	0.00989728	0.0068691	0.00993796
10	186	3.52299	2.40136	6.62109	0.00989728	0.0068691	0.00993796
10	187	3.53288	2.40823	6.63103	0.00989728	0.0068691	0.00993796
10	188	3.54278	2.4151	6.64096	0.00989728	0.0068691	0.00993796
10	189	3.55268	2.42197	6.6509	0.00989728	0.0068691	0.00993796
10	190	3.56258	2.42884	6.66084	0.00989728	0.0068691	0.00993796
10	191	3.57247	2.43571	6.67078	0.00989728	0.0068691	0.00993796
10	192	3.58237	2.44258	6.68072	0.00989728	0.0068691	0.00993796
10	193	3.59227	2.44945	6.69065	0.00989728	0.0068691	0.00993796
10	194	3.60217	2.45632	6.70059	0.00989728	0.0068691	0.00993796
10	195	3.61206	2.46318	6.71053	0.00989728	0.0068691	0.00993796
10	196	3.62196	2.47005	6.72047	0.00989728	0.0068691	0.00993796
10	197	3.63186	2.47692	6.7304	0.00989728	0.0068691	0.00993796
10	198	3.64175	2.48379	6.74034	0.00989728	0.0068691	0.00993796
10	199	3.65165	2.49066	6.75028	0.00989728	0.0068691	0.00993796
10	200	3.66155	2.49753	6.76022	0.00989728	0.0068691	0.00993796
10	201	3.67145	2.5044	6.77016	0.00989728	0.0068691	0.00993796
10	202	3.68134	2.51127	6.78009	0.00989728	0.0068691	0.00993796
10	203	3.69124	2.51814	6.79003	0.00989728	0.0068691	0.00993796
10	204	3.70114	2.52501	6.79997	0.00989728	0.0068691	0.00993796
10	205	3.71104	2.53188	6.80991	0.00989728	0.0068691	0.00993796
10	206	3.72093	2.53874	6.81985	0.00989728	0.0068691	0.00993796
10	207	3.73083	2.54561	6.82978	0.00989728	0.0068691	0.00993796
10	208	3.74073	2.55248	6.83972	0.00989728	0.0068691	0.00993796
10	209	3.75062	2.55935	6.84966	0.00989728	0.0068691	0.00993796
10	210	3.76052	2.56622	6.8596	0.00989728	0.0068691	0.00993796
10	211	3.77042	2.57309	6.86954	0.00989728	0.0068691	0.00993796
10	212	3.78032	2.57996	6.87947	0.00989728	0.0068691	0.00993796
10	213	3.79021	2.58683	6.88941	0.00989728	0.0068691	0.00993796
10	214	3.80011	2.5937	6.89935	0.00989728	0.0068691	0.00993796
10	215	3.81001	2.60057	6.90929	0.00989728	0.0068691	0.00993796
10	216	3.81991	2.60744	6.91923	0.00989728	0.0068691	0.00993796
10	217	3.8298	2.6143	6.92916	0.00989728	0.0068691	0.00993796
10	218	3.8397	2.62117	6.9391	0.00989728	0.0068691	0.00993796
10	219	3.8496	2.62804	6.94904	0.00989728	0.0068691	0.00993796
10	220	3.85949	2.63491	6.95898	0.00989728	0.0068691	0.00993796
10	221	3.86939	2.64178	6.96892	0.00989728	0.0068691	0.00993796
10	222	3.87929	2.64865	6.97885	0.00989728	0.0068691	0.00993796
10	223	3.88919	2.65552	6.98879	0.00989728	0.0068691	0.00993796
10	224	3.89908	2.66239	6.99873	0.00989728	0.0068691	0.00993796
10	225	3.90898	2.66926	7.00867	0.00989728	0.0068691	0.00993796
10	226	3.91888	2.67613	7.01861	0.00989728	0.0068691	0.00993796
10	227	3.92878	2.683	7.02854	0.00989728	0.0068691	0.00993796
10	228	3.93867	2.68986	7.03848	0.00989728	0.0068691	0.00993796
10	229	3.94857	2.69673	7.04842	0.00989728	0.0068691	0.00993796
10	230	3.95847	2.7036	7.05836	0.00989728	0.0068691	0.00993796
10	231	3.96836	2.71047	7.0683	0.00989728	0.0068691	0.00993796
10	232	3.97826	2.71734	7.07823	0.00989728	0.0068691	0.00993796
10	233	3.98816	2.72421	7.08817	0.00989728	0.0068691	0.00993796
10	234	3.99806	2.73108	7.09811	0.00989728	0.0068691	0.00993796
10	235	4.00795	2.73795	7.10805	0.00989728	0.0068691	0.00993796
10	236	4.01785	2.74482	7.11799	0.00989728	0.0068691	0.00993796
10	237	4.02775	2.75169	7.12792	0.00989728	0.0068691	0.00993796
10	238	4.03765	2.75856	7.13786	0.00989728	0.0068691	0.00993796
10	239	4.04754	2.76542	7.1478	0.00989728	0.0068691	0.00993796
10	240	4.05744	2.77229	7.15774	0.00989728	0.0068691	0.00993796
10	241	4.06734	2.77916	7.16768	0.00989728	0.0068691	0.00993796
10	242	4.07723	2.78603	7.17761	0.00989728	0.0068691	0.00993796
10	243	4.08713	2.7929	7.18755	0.00989728	0.0068691	0.00993796
10	244	4.09703	2.79977	7.19749	0.00989728	0.0068691	0.00993796
10	245	4.10693	2.80664	7.20743	0.00989728	0.0068691	0.00993796
10	246	4.11682	2.81351	7.21736	0.00989728	0.0068691	0.00993796
10	247	4.12672	2.82038	7.2273	0.00989728	0.0068691	0.00993796
10	248	4.13662	2.82725	7.23724	0.00989728	0.0068691	0.00993796
10	249	4.14652	2.83412	7.24718	0.00989728	0.0068691	0.00993796
10	250	4.15641	2.84098	7.25712	0.00989728	0.0068691	0.00993796
10	251	4.16631	2.84785	7.26705	0.00989728	0.0068691	0.00993796
10	252	4.17621	2.85472	7.27699	0.00989728	0.0068691	0.00993796
10	253	4.1861	2.86159	7.28693	0.00989728	0.0068691	0.00993796
10	254	4.196	2.86846	7.29687	0.00989728	0.0068691	0.00993796
10	255	4.2059	2.87533	7.30681	0.00989728	0.0068691	0.00993796
10	256	4.2158	2.8822	7.31674	0.00989728	0.0068691	0.00993796
10	257	4.22569	2.88907	7.32668	0.00989728	0.0068691	0.00993796
10	258	4.23559	2.89594	7.33662	0.00989728	0.0068691	0.00993796
10	259	4.24549	2.90281	7.34656	0.00989728	0.0068691	0.00993796
10	260	4.25539	2.90968	7.3565	0.00989728	0.0068691	0.00993796
10	261	4.26528	2.91655	7.36643	0.00989728	0.0068691	0.00993796
10	262	4.27518	2.92341	7.37637	0.00989728	0.0068691	0.00993796
10	263	4.28508	2.93028	7.38631	0.00989728	0.0068691	0.00993796
10	264	4.29497	2.93715	7.39625	0.00989728	0.0068691	0.00993796
10	265	4.30487	2.94402	7.40619	0.00989728	0.0068691	0.00993796
10	266	4.31477	2.95089	7.41612	0.00989728	0.0068691	0.00993796
10	267	4.32467	2.95776	7.42606	0.00989728	0.0068691	0.00993796
10	268	4.33456	2.96463	7.436	0.00989728	0.0068691	0.00993796
10	269	4.34446	2.9715	7.44594	0.00989728	0.0068691	0.00993796
10	270	4.35436	2.97837	7.45588	0.00989728	0.0068691	0.00993796
10	271	4.36426	2.98524	7.46581	0.00989728	0.0068691	0.00993796
10	272	4.37415	2.99211	7.47575	0.00989728	0.0068691	0.00993796
10	273	4.38405	2.99897	7.48569	0.00989728	0.0068691	0.00993796
10	274	4.39395	3.00584	7.49563	0.00989728	0.0068691	0.00993796
10	275	4.40384	3.01271	7.50557	0.00989728	0.0068691	0.00993796
10	276	4.41374	3.01958	7.5155	0.00989728	0.0068691	0.00993796
10	277	4.42364	3.02645	7.52544	0.00989728	0.0068691	0.00993796
10	278	4.43354	3.03332	7.53538	0.00989728	0.0068691	0.00993796
10	279	4.44343	3.04019	7.54532	0.00989728	0.0068691	0.00993796
10	280	4.45333	3.04706	7.55526	0.00989728	0.0068691	0.00993796
10	281	4.46323	3.05393	7.56519	0.00989728	0.0068691	0.00993796
10	282	4.47313	3.0608	7.57513	0.00989728	0.0068691	0.00993796
10	283	4.48302	3.06767	7.58507	0.00989728	0.0068691	0.00993796
10	284	4.49292	3.07453	7.59501	0.00989728	0.0068691	0.00993796
10	285	4.50282	3.0814	7.60495	0.00989728	0.0068691	0.00993796
10	286	4.51271	3.08827	7.61488	0.00989728	0.0068691	0.00993796
10	287	4.52261	3.09514	7.62482	0.00989728	0.0068691	0.00993796
10	288	4.53251	3.10201	7.63476	0.00989728	0.0068691	0.00993796
10	289	4.54241	3.10888	7.6447	0.00989728	0.0068691	0.00993796
10	290	4.5523	3.11575	7.65463	0.00989728	0.0068691	0.00993796
10	291	4.5622	3.12262	7.66457	0.00989728	0.0068691	0.00993796
10	292	4.5721	3.12949	7.67451	0.00989728	0.0068691	0.00993796
10	293	4.582	3.13636	7.68445	0.00989728	0.0068691	0.00993796
10	294	4.59189	3.14323	7.69439	0.00989728	0.0068691	0.00993796
10	295	4.60179	3.15009	7.70432	0.00989728	0.0068691	0.00993796
10	296	4.61169	3.15696	7.71426	0.00989728	0.0068691	0.00993796
10	297	4.62158	3.16383	7.7242	0.00989728	0.0068691	0.00993796
10	298	4.63148	3.1707	7.73414	0.00989728	0.0068691	0.00993796
10	299	4.64138	3.17757	7.74408	0.00989728	0.0068691	0.00993796
10	300	4.65128	3.18444	7.75401	0.00989728	0.0068691	0.00993796
10	301	4.66117	3.19131	7.76395	0.00989728	0.0068691	0.00993796
10	302	4.67107	3.19818	7.77389	0.00989728	0.0068691	0.00993796
10	303	4.68097	3.20505	7.78383	0.00989728	0.0068691	0.00993796
10	304	4.69087	3.21192	7.79377	0.00989728	0.0068691	0.00993796
10	305	4.70076	3.21879	7.8037	0.00989728	0.0068691	0.00993796
10	306	4.71066	3.22565	7.81364	0.00989728	0.0068691	0.00993796
10	307	4.72056	3.23252	7.82358	0.00989728	0.0068691	0.00993796
10	308	4.73045	3.23939	7.83352	0.00989728	0.0068691	0.00993796
10	309	4.74035	3.24626	7.84346	0.00989728	0.0068691	0.00993796
10	310	4.75025	3.25313	7.85339	0.00989728	0.0068691	0.00993796
10	311	4.76015	3.26	7.86333	0.00989728	0.0068691	0.00993796
10	312	4.77004	3.26687	7.87327	0.00989728	0.0068691	0.00993796
10	313	4.77994	3.27374	7.88321	0.00989728	0.0068691	0.00993796
10	314	4.78984	3.28061	7.89315	0.00989728	0.0068691	0.00993796
10	315	4.79974	3.28748	7.90308	0.00989728	0.0068691	0.00993796
10	316	4.80963	3.29435	7.91302	0.00989728	0.0068691	0.00993796
10	317	4.81953	3.30121	7.92296	0.00989728	0.0068691	0.00993796
10	318	4.82943	3.30808	7.9329	0.00989728	0.0068691	0.00993796
10	319	4.83932	3.31495	7.94284	0.00989728	0.0068691	0.00993796
10	320	4.84922	3.32182	7.95277	0.00989728	0.0068691	0.00993796
10	321	4.85912	3.32869	7.96271	0.00989728	0.0068691	0.00993796
10	322	4.86902	3.33556	7.97265	0.00989728	0.0068691	0.00993796
10	323	4.87891	3.34243	7.98259	0.00989728	0.0068691	0.00993796
10	324	4.88881	3.3493	7.99253	0.00989728	0.0068691	0.00993796
10	325	4.89871	3.35617	8.00246	0.00989728	0.0068691	0.00993796
10	326	4.90861	3.36304	8.0124	0.00989728	0.0068691	0.00993796
10	327	4.9185	3.36991	8.02234	0.00989728	0.0068691	0.00993796
10	328	4.9284	3.37677	8.03228	0.00989728	0.0068691	0.00993796
10	329	4.9383	3.38364	8.04222	0.00989728	0.0068691	0.00993796
10	330	4.9482	3.39051	8.05215	0.00989728	0.0068691	0.00993796
10	331	4.95809	3.39738	8.06209	0.00989728	0.0068691	0.00993796
10	332	4.96799	3.40425	8.07203	0.00989728	0.0068691	0.00993796
10	333	4.97789	3.41112	8.08197	0.00989728	0.0068691	0.00993796
10	334	4.98778	3.41799	8.0919	0.00989728	0.0068691	0.00993796
10	335	4.99768	3.42486	8.10184	0.00989728	0.0068691	0.00993796
10	336	5.00758	3.43173	8.11178	0.00989728	0.0068691	0.00993796
10	337	5.01748	3.4386	8.12172	0.00989728	0.0068691	0.00993796
10	338	5.02737	3.44547	8.13166	0.00989728	0.0068691	0.00993796
10	339	5.03727	3.45233	8.14159	0.00989728	0.0068691	0.00993796
10	340	5.04717	3.4592	8.15153	0.00989728	0.0068691	0.00993796
10	341	5.05707	3.46607	8.16147	0.00989728	0.0068691	0.00993796
10	342	5.06696	3.47294	8.17141	0.00989728	0.0068691	0.00993796
10	343	5.07686	3.47981	8.18135	0.00989728	0.0068691	0.00993796
10	344	5.08676	3.48668	8.19128	0.00989728	0.0068691	0.00993796
10	345	5.09665	3.49355	8.20122	0.00989728	0.0068691	0.00993796
10	346	5.10655	3.50042	8.21116	0.00989728	0.0068691	0.00993796
10	347	5.11645	3.50729	8.2211	0.00989728	0.0068691	0.00993796
10	348	5.12635	3.51416	8.23104	0.00989728	0.0068691	0.00993796
10	349	5.13624	3.52103	8.24097	0.00989728	0.0068691	0.00993796
10	350	5.14614	3.52789	8.25091	0.00989728	0.0068691	0.00993796
10	351	5.15604	3.53476	8.26085	0.00989728	0.0068691	0.00993796
10	352	5.16594	3.54163	8.27079	0.00989728	0.0068691	0.00993796
10	353	5.17583	3.5485	8.28073	0.00989728	0.0068691	0.00993796
10	354	5.18573	3.55537	8.29066	0.00989728	0.0068691	0.00993796
10	355	5.19563	3.56224	8.3006	0.00989728	0.0068691	0.00993796
10	356	5.20552	3.56911	8.31054	0.00989728	0.0068691	0.00993796
10	357	5.21542	3.57598	8.32048	0.00989728	0.0068691	0.00993796
10	358	5.22532	3.58285	8.33042	0.00989728	0.0068691	0.00993796
10	359	5.23522	3.58972	8.34035	0.00989728	0.0068691	0.00993796
10	360	5.24511	3.59659	8.35029	0.00989728	0.0068691	0.00993796
10	361	5.25501	3.60345	8.36023	0.00989728	0.0068691	0.00993796
10	362	5.26491	3.61032	8.37017	0.00989728	0.0068691	0.00993796
10	363	5.27481	3.61719	8.38011	0.00989728	0.0068691	0.00993796
10	364	5.2847	3.62406	8.39004	0.00989728	0.0068691	0.00993796
10	365	5.2946	3.63093	8.39998	0.00989728	0.0068691	0.00993796
10	366	5.3045	3.6378	8.40992	0.00989728	0.0068691	0.00993796
10	367	5.31439	3.64467	8.41986	0.00989728	0.0068691	0.00993796
10	368	5.32429	3.65154	8.4298	0.00989728	0.0068691	0.00993796
10	369	5.33419	3.65841	8.43973	0.00989728	0.0068691	0.00993796
10	370	5.34409	3.66528	8.44967	0.00989728	0.0068691	0.00993796
10	371	5.35398	3.67215	8.45961	0.00989728	0.0068691	0.00993796
10	372	5.36388	3.67901	8.46955	0.00989728	0.0068691	0.00993796
10	373	5.37378	3.68588	8.47949	0.00989728	0.0068691	0.00993796
10	374	5.38368	3.69275	8.48942	0.00989728	0.0068691	0.00993796
10	375	5.39357	3.69962	8.49936	0.00989728	0.0068691	0.00993796
10	376	5.40347	3.70649	8.5093	0.00989728	0.0068691	0.00993796
10	377	5.41337	3.71336	8.51924	0.00989728	0.0068691	0.00993796
10	378	5.42326	3.72023	8.52917	0.00989728	0.0068691	0.00993796
10	379	5.43316	3.7271	8.53911	0.00989728	0.0068691	0.00993796
10	380	5.44306	3.73397	8.54905	0.00989728	0.0068691	0.00993796
10	381	5.45296	3.74084	8.55899	0.00989728	0.0068691	0.00993796
10	382	5.46285	3.74771	8.56893	0.00989728	0.0068691	0.00993796
10	383	5.47275	3.75458	8.57886	0.00989728	0.0068691	0.00993796
10	384	5.48265	3.76144	8.5888	0.00989728	0.0068691	0.00993796
10	385	5.49255	3.76831	8.59874	0.00989728	0.0068691	0.00993796
10	386	5.50244	3.77518	8.60868	0.00989728	0.0068691	0.00993796
10	387	5.51234	3.78205	8.61862	0.00989728	0.0068691	0.00993796
10	388	5.52224	3.78892	8.62855	0.00989728	0.0068691	0.00993796
10	389	5.53213	3.79579	8.63849	0.00989728	0.0068691	0.00993796
10	390	5.54203	3.80266	8.64843	0.00989728	0.0068691	0.00993796
10	391	5.55193	3.80953	8.65837	0.00989728	0.0068691	0.00993796
10	392	5.56183	3.8164	8.66831	0.00989728	0.0068691	0.00993796
10	393	5.57172	3.82327	8.67824	0.00989728	0.0068691	0.00993796
10	394	5.58162	3.83014	8.68818	0.00989728	0.0068691	0.00993796
10	395	5.59152	3.837	8.69812	0.00989728	0.0068691	0.00993796
10	396	5.60142	3.84387	8.70806	0.00989728	0.0068691	0.00993796
10	397	5.61131	3.85074	8.718	0.00989728	0.0068691	0.00993796
10	398	5.62121	3.85761	8.72793	0.00989728	0.0068691	0.00993796
10	399	5.63111	3.86448	8.73787	0.00989728	0.0068691	0.00993796
10	400	5.641	3.87135	8.74781	0.00989728	0.0068691	0.00993796
10	401	5.6509	3.87822	8.75775	0.00989728	0.0068691	0.00993796
10	402	5.6608	3.88509	8.76769	0.00989728	0.0068691	0.00993796
10	403	5.6707	3.89196	8.77762	0.00989728	0.0068691	0.00993796
10	404	5.68059	3.89883	8.78756	0.00989728	0.0068691	0.00993796
10	405	5.69049	3.9057	8.7975	0.00989728	0.0068691	0.00993796
10	406	5.70039	3.91256	8.80744	0.00989728	0.0068691	0.00993796
10	407	5.71029	3.91943	8.81738	0.00989728	0.0068691	0.00993796
10	408	5.72018	3.9263	8.82731	0.00989728	0.0068691	0.00993796
10	409	5.73008	3.93317	8.83725	0.00989728	0.0068691	0.00993796
10	410	5.73998	3.94004	8.84719	0.00989728	0.0068691	0.00993796
10	411	5.74987	3.94691	8.85713	0.00989728	0.0068691	0.00993796
10	412	5.75977	3.95378	8.86707	0.00989728	0.0068691	0.00993796
10	413	5.76967	3.96065	8.877	0.00989728	0.0068691	0.00993796
10	414	5.77957	3.96752	8.88694	0.00989728	0.0068691	0.00993796
10	415	5.78946	3.97439	8.89688	0.00989728	0.0068691	0.00993796
10	416	5.79936	3.98126	8.90682	0.00989728	0.0068691	0.00993796
10	417	5.80926	3.98812	8.91676	0.00989728	0.0068691	0.00993796
10	418	5.81916	3.99499	8.92669	0.00989728	0.0068691	0.00993796
10	419	5.82905	4.00186	8.93663	0.00989728	0.0068691	0.00993796
10	420	5.83895	4.00873	8.94657	0.00989728	0.0068691	0.00993796
10	421	5.84885	4.0156	8.95651	0.00989728	0.0068691	0.00993796
10	422	5.85874	4.02247	8.96644	0.00989728	0.0068691	0.00993796
10	423	5.86864	4.02934	8.97638	0.00989728	0.0068691	0.00993796
10	424	5.87854	4.03621	8.98632	0.00989728	0.0068691	0.00993796
10	425	5.88844	4.04308	8.99626	0.00989728	0.0068691	0.00993796
10	426	5.89833	4.04995	9.0062	0.00989728	0.0068691	0.00993796
10	427	5.90823	4.05682	9.01613	0.00989728	0.0068691	0.00993796
10	428	5.91813	4.06368	9.02607	0.00989728	0.0068691	0.00993796
10	429	5.92803	4.07055	9.03601	0.00989728	0.0068691	0.00993796
10	430	5.93792	4.07742	9.04595	0.00989728	0.0068691	0.00993796
10	431	5.94782	4.08429	9.05589	0.00989728	0.0068691	0.00993796
10	432	5.95772	4.09116	9.06582	0.00989728	0.0068691	0.00993796
10	433	5.96761	4.09803	9.07576	0.00989728	0.0068691	0.00993796
10	434	5.97751	4.1049	9.0857	0.00989728	0.0068691	0.00993796
10	435	5.98741	4.11177	9.09564	0.00989728	0.0068691	0.00993796
10	436	5.99731	4.11864	9.10558	0.00989728	0.0068691	0.00993796
10	437	6.0072	4.12551	9.11551	0.00989728	0.0068691	0.00993796
10	438	6.0171	4.13238	9.12545	0.00989728	0.0068691	0.00993796
10	439	6.027	4.13924	9.13539	0.00989728	0.0068691	0.00993796
10	440	6.0369	4.14611	9.14533	0.00989728	0.0068691	0.00993796
10	441	6.04679	4.15298	9.15527	0.00989728	0.0068691	0.00993796
10	442	6.05669	4.15985	9.1652	0.00989728	0.0068691	0.00993796
10	443	6.06659	4.16672	9.17514	0.00989728	0.0068691	0.00993796
10	444	6.07648	4.17359	9.18508	0.00989728	0.0068691	0.00993796
10	445	6.08638	4.18046	9.19502	0.00989728	0.0068691	0.00993796
10	446	6.09628	4.18733	9.20496	0.00989728	0.0068691	0.00993796
10	447	6.10618	4.1942	9.21489	0.00989728	0.0068691	0.00993796
10	448	6.11607	4.20107	9.22483	0.00989728	0.0068691	0.00993796
10	449	6.12597	4.20794	9.23477	0.00989728	0.0068691	0.00993796
10	450	6.13587	4.2148	9.24471	0.00989728	0.0068691	0.00993796
10	451	6.14577	4.22167	9.25465	0.00989728	0.0068691	0.00993796
10	452	6.15566	4.22854	9.26458	0.00989728	0.0068691	0.00993796
10	453	6.16556	4.23541	9.27452	0.00989728	0.0068691	0.00993796
10	454	6.17546	4.24228	9.28446	0.00989728	0.0068691	0.00993796
10	455	6.18535	4.24915	9.2944	0.00989728	0.0068691	0.00993796
10	456	6.19525	4.25602	9.30434	0.00989728	0.0068691	0.00993796
10	457	6.20515	4.26289	9.31427	0.00989728	0.0068691	0.00993796
10	458	6.21505	4.26976	9.32421	0.00989728	0.0068691	0.00993796
10	459	6.22494	4.27663	9.33415	0.00989728	0.0068691	0.00993796
10	460	6.23484	4.2835	9.34409	0.00989728	0.0068691	0.00993796
10	461	6.24474	4.29036	9.35403	0.00989728	0.0068691	0.00993796
10	462	6.25464	4.29723	9.36396	0.00989728	0.0068691	0.00993796
10	463	6.26453	4.3041	9.3739	0.00989728	0.0068691	0.00993796
10	464	6.27443	4.31097	9.38384	0.00989728	0.0068691	0.00993796
10	465	6.28433	4.31784	9.39378	0.00989728	0.0068691	0.00993796
10	466	6.29422	4.32471	9.40371	0.00989728	0.0068691	0.00993796
10	467	6.30412	4.33158	9.41365	0.00989728	0.0068691	0.00993796
10	468	6.31402	4.33845	9.42359	0.00989728	0.0068691	0.00993796
10	469	6.32392	4.34532	9.43353	0.00989728	0.0068691	0.00993796
10	470	6.33381	4.35219	9.44347	0.00989728	0.0068691	0.00993796
10	471	6.34371	4.35906	9.4534	0.00989728	0.0068691	0.00993796
10	472	6.35361	4.36592	9.46334	0.00989728	0.0068691	0.00993796
10	473	6.36351	4.37279	9.47328	0.00989728	0.0068691	0.00993796
10	474	6.3734	4.37966	9.48322	0.00989728	0.0068691	0.00993796
10	475	6.3833	4.38653	9.49316	0.00989728	0.0068691	0.00993796
10	476	6.3932	4.3934	9.50309	0.00989728	0.0068691	0.00993796
10	477	6.40309	4.40027	9.51303	0.00989728	0.0068691	0.00993796
10	478	6.41299	4.40714	9.52297	0.00989728	0.0068691	0.00993796
10	479	6.42289	4.41401	9.53291	0.00989728	0.0068691	0.00993796
10	480	6.43279	4.42088	9.54285	0.00989728	0.0068691	0.00993796
10	481	6.44268	4.42775	9.55278	0.00989728	0.0068691	0.00993796
10	482	6.45258	4.43462	9.56272	0.00989728	0.0068691	0.00993796
10	483	6.46248	4.44148	9.57266	0.00989728	0.0068691	0.00993796
10	484	6.47238	4.44835	9.5826	0.00989728	0.0068691	0.00993796
10	485	6.48227	4.45522	9.59254	0.00989728	0.0068691	0.00993796
10	486	6.49217	4.46209	9.60247	0.00989728	0.0068691	0.00993796
10	487	6.50207	4.46896	9.61241	0.00989728	0.0068691	0.00993796
10	488	6.51196	4.47583	9.62235	0.00989728	0.0068691	0.00993796
10	489	6.52186	4.4827	9.63229	0.00989728	0.0068691	0.00993796
10	490	6.53176	4.48957	9.64223	0.00989728	0.0068691	0.00993796
10	491	6.54166	4.49644	9.65216	0.00989728	0.0068691	0.00993796
10	492	6.55155	4.50331	9.6621	0.00989728	0.0068691	0.00993796
10	493	6.56145	4.51018	9.67204	0.00989728	0.0068691	0.00993796
10	494	6.57135	4.51704	9.68198	0.00989728	0.0068691	0.00993796
10	495	6.58125	4.52391	9.69192	0.00989728	0.0068691	0.00993796
10	496	6.59114	4.53078	9.70185	0.00989728	0.0068691	0.00993796
10	497	6.60104	4.53765	9.71179	0.00989728	0.0068691	0.00993796
10	498	6.61094	4.54452	9.72173	0.00989728	0.0068691	0.00993796
10	499	6.62084	4.55139	9.73167	0.00989728	0.0068691	0.00993796
10	500	6.63073	4.55826	9.74161	0.00989728	0.0068691	0.00993796
10	501	6.64063	4.56513	9.75154	0.00989728	0.0068691	0.00993796
10	502	6.65053	4.572	9.76148	0.00989728	0.0068691	0.00993796
10	503	6.66042	4.57887	9.77142	0.00989728	0.0068691	0.00993796
10	504	6.67032	4.58574	9.78136	0.00989728	0.0068691	0.00993796
10	505	6.68022	4.5926	9.7913	0.00989728	0.0068691	0.00993796
10	506	6.69012	4.59947	9.80123	0.00989728	0.0068691	0.00993796
10	507	6.70001	4.60634	9.81117	0.00989728	0.0068691	0.00993796
10	508	6.70991	4.61321	9.82111	0.00989728	0.0068691	0.00993796
10	509	6.71981	4.62008	9.83105	0.00989728	0.0068691	0.00993796
10	510	6.72971	4.62695	9.84098	0.00989728	0.0068691	0.00993796
10	511	6.7396	4.63382	9.85092	0.00989728	0.0068691	0.00993796
10	512	6.7495	4.64069	9.86086	0.00989728	0.0068691	0.00993796
10	513	6.7594	4.64756	9.8708	0.00989728	0.0068691	0.00993796
10	514	6.76929	4.65443	9.88074	0.00989728	0.0068691	0.00993796
10	515	6.77919	4.6613	9.89067	0.00989728	0.0068691	0.00993796
10	516	6.78909	4.66817	9.90061	0.00989728	0.0068691	0.00993796
10	517	6.79899	4.67503	9.91055	0.00989728	0.0068691	0.00993796
10	518	6.80888	4.6819	9.92049	0.00989728	0.0068691	0.00993796
10	519	6.81878	4.68877	9.93043	0.00989728	0.0068691	0.00993796
10	520	6.82868	4.69564	9.94036	0.00989728	0.0068691	0.00993796
10	521	6.83858	4.70251	9.9503	0.00989728	0.0068691	0.00993796
10	522	6.84847	4.70938	9.96024	0.00989728	0.0068691	0.00993796
10	523	6.85837	4.71625	9.97018	0.00989728	0.0068691	0.00993796
10	524	6.86827	4.72312	9.98012	0.00989728	0.0068691	0.00993796
10	525	6.87816	4.72999	9.99005	0.00989728	0.0068691	0.00993796
10	526	6.88806	4.73686	9.99999	0.00989728	0.0068691	0.00993796
10	527	6.89796	4.74373	10.0099	0.00989728	0.0068691	0.00993796
10	528	6.90786	4.75059	0.0198681	0.00989728	0.0068691	0.00993796
10	529	6.91775	4.75746	0.0298061	0.00989728	0.0068691	0.00993796
10	530	6.92765	4.76433	0.039744	0.00989728	0.0068691	0.00993796
10	531	6.93755	4.7712	0.049682	0.00989728	0.0068691	0.00993796
10	532	6.94745	4.77807	0.0596199	0.00989728	0.0068691	0.00993796
10	533	6.95734	4.78494	0.0695579	0.00989728	0.0068691	0.00993796
10	534	6.96724	4.79181	0.0794958	0.00989728	0.0068691	0.00993796
10	535	6.97714	4.79868	0.0894338	0.00989728	0.0068691	0.00993796
10	536	6.98703	4.80555	0.0993717	0.00989728	0.0068691	0.00993796
10	537	6.99693	4.81242	0.10931	0.00989728	0.0068691	0.00993796
10	538	7.00683	4.81929	0.119248	0.00989728	0.0068691	0.00993796
10	539	7.01673	4.82615	0.129186	0.00989728	0.0068691	0.00993796
10	540	7.02662	4.83302	0.139124	0.00989728	0.0068691	0.00993796
10	541	7.03652	4.83989	0.149062	0.00989728	0.0068691	0.00993796
10	542	7.04642	4.84676	0.158999	0.00989728	0.0068691	0.00993796
10	543	7.05632	4.85363	0.168937	0.00989728	0.0068691	0.00993796
10	544	7.06621	4.8605	0.178875	0.00989728	0.0068691	0.00993796
10	545	7.07611	4.86737	0.188813	0.00989728	0.0068691	0.00993796
10	546	7.08601	4.87424	0.198751	0.00989728	0.0068691	0.00993796
10	547	7.0959	4.88111	0.208689	0.00989728	0.0068691	0.00993796
10	548	7.1058	4.88798	0.218627	0.00989728	0.0068691	0.00993796
10	549	7.1157	4.89485	0.228565	0.00989728	0.0068691	0.00993796
10	550	7.1256	4.90171	0.238503	0.00989728	0.0068691	0.00993796
10	551	7.13549	4.90858	0.248441	0.00989728	0.0068691	0.00993796
10	552	7.14539	4.91545	0.258379	0.00989728	0.0068691	0.00993796
10	553	7.15529	4.92232	0.268317	0.00989728	0.0068691	0.00993796
10	554	7.16519	4.92919	0.278255	0.00989728	0.0068691	0.00993796
10	555	7.17508	4.93606	0.288193	0.00989728	0.0068691	0.00993796
10	556	7.18498	4.94293	0.298131	0.00989728	0.0068691	0.00993796
10	557	7.19488	4.9498	0.308069	0.00989728	0.0068691	0.00993796
10	558	7.20477	4.95667	0.318007	0.00989728	0.0068691	0.00993796
10	559	7.21467	4.96354	0.327945	0.00989728	0.0068691	0.00993796
10	560	7.22457	4.97041	0.337883	0.00989728	0.0068691	0.00993796
10	561	7.23447	4.97727	0.347821	0.00989728	0.0068691	0.00993796
10	562	7.24436	4.98414	0.357759	0.00989728	0.0068691	0.00993796
10	563	7.25426	4.99101	0.367697	0.00989728	0.0068691	0.00993796
10	564	7.26416	4.99788	0.377634	0.00989728	0.0068691	0.00993796
10	565	7.27406	5.00475	0.387572	0.00989728	0.0068691	0.00993796
10	566	7.28395	5.01162	0.39751	0.00989728	0.0068691	0.00993796
10	567	7.29385	5.01849	0.407448	0.00989728	0.0068691	0.00993796
10	568	7.30375	5.02536	0.417386	0.00989728	0.0068691	0.00993796
10	569	7.31364	5.03223	0.427324	0.00989728	0.0068691	0.00993796
10	570	7.32354	5.0391	0.437262	0.00989728	0.0068691	0.00993796
10	571	7.33344	5.04597	0.4472	0.00989728	0.0068691	0.00993796
10	572	7.34334	5.05283	0.457138	0.00989728	0.0068691	0.00993796
10	573	7.35323	5.0597	0.467076	0.00989728	0.0068691	0.00993796
10	574	7.36313	5.06657	0.477014	0.00989728	0.0068691	0.00993796
10	575	7.37303	5.07344	0.486952	0.00989728	0.0068691	0.00993796
10	576	7.38293	5.08031	0.49689	0.00989728	0.0068691	0.00993796
10	577	7.39282	5.08718	0.506828	0.00989728	0.0068691	0.00993796
10	578	7.40272	5.09405	0.516766	0.00989728	0.0068691	0.00993796
10	579	7.41262	5.10092	0.526704	0.00989728	0.0068691	0.00993796
10	580	7.42251	5.10779	0.536642	0.00989728	0.0068691	0.00993796
10	581	7.43241	5.11466	0.54658	0.00989728	0.0068691	0.00993796
10	582	7.44231	5.12153	0.556518	0.00989728	0.0068691	0.00993796
10	583	7.45221	5.12839	0.566456	0.00989728	0.0068691	0.00993796
10	584	7.4621	5.13526	0.576394	0.00989728	0.0068691	0.00993796
10	585	7.472	5.14213	0.586332	0.00989728	0.0068691	0.00993796
10	586	7.4819	5.149	0.596269	0.00989728	0.0068691	0.00993796
10	587	7.4918	5.15587	0.606207	0.00989728	0.0068691	0.00993796
10	588	7.50169	5.16274	0.616145	0.00989728	0.0068691	0.00993796
10	589	7.51159	5.16961	0.626083	0.00989728	0.0068691	0.00993796
10	590	7.52149	5.17648	0.636021	0.00989728	0.0068691	0.00993796
10	591	7.53138	5.18335	0.645959	0.00989728	0.0068691	0.00993796
10	592	7.54128	5.19022	0.655897	0.00989728	0.0068691	0.00993796
10	593	7.55118	5.19709	0.665835	0.00989728	0.0068691	0.00993796
10	594	7.56108	5.20395	0.675773	0.00989728	0.0068691	0.00993796
10	595	7.57097	5.21082	0.685711	0.00989728	0.0068691	0.00993796
10	596	7.58087	5.21769	0.695649	0.00989728	0.0068691	0.00993796
10	597	7.59077	5.22456	0.705587	0.00989728	0.0068691	0.00993796
10	598	7.60067	5.23143	0.715525	0.00989728	0.0068691	0.00993796
10	599	7.61056	5.2383	0.725463	0.00989728	0.0068691	0.00993796
10	600	7.62046	5.24517	0.735401	0.00989728	0.0068691	0.00993796
10	601	7.63036	5.25204	0.745339	0.00989728	0.0068691	0.00993796
10	602	7.64025	5.25891	0.755277	0.00989728	0.0068691	0.00993796
10	603	7.65015	5.26578	0.765215	0.00989728	0.0068691	0.00993796
10	604	7.66005	5.27265	0.775153	0.00989728	0.0068691	0.00993796
10	605	7.66995	5.27951	0.785091	0.00989728	0.0068691	0.00993796
10	606	7.67984	5.28638	0.795029	0.00989728	0.0068691	0.00993796
10	607	7.68974	5.29325	0.804967	0.00989728	0.0068691	0.00993796
10	608	7.69964	5.30012	0.814905	0.00989728	0.0068691	0.00993796
10	609	7.70954	5.30699	0.824842	0.00989728	0.0068691	0.00993796
10	610	7.71943	5.31386	0.83478	0.00989728	0.0068691	0.00993796
10	611	7.72933	5.32073	0.844718	0.00989728	0.0068691	0.00993796
10	612	7.73923	5.3276	0.854656	0.00989728	0.0068691	0.00993796
10	613	7.74912	5.33447	0.864594	0.00989728	0.0068691	0.00993796
10	614	7.75902	5.34134	0.874532	0.00989728	0.0068691	0.00993796
10	615	7.76892	5.34821	0.88447	0.00989728	0.0068691	0.00993796
10	616	7.77882	5.35507	0.894408	0.00989728	0.0068691	0.00993796
10	617	7.78871	5.36194	0.904346	0.00989728	0.0068691	0.00993796
10	618	7.79861	5.36881	0.914284	0.00989728	0.0068691	0.00993796
10	619	7.80851	5.37568	0.924222	0.00989728	0.0068691	0.00993796
10	620	7.81841	5.38255	0.93416	0.00989728	0.0068691	0.00993796
10	621	7.8283	5.38942	0.944098	0.00989728	0.0068691	0.00993796
10	622	7.8382	5.39629	0.954036	0.00989728	0.0068691	0.00993796
10	623	7.8481	5.40316	0.963974	0.00989728	0.0068691	0.00993796
10	624	7.85799	5.41003	0.973912	0.00989728	0.0068691	0.00993796
10	625	7.86789	5.4169	0.98385	0.00989728	0.0068691	0.00993796
10	626	7.87779	5.42377	0.993788	0.00989728	0.0068691	0.00993796
10	627	7.88769	5.43063	1.00373	0.00989728	0.0068691	0.00993796
10	628	7.89758	5.4375	1.01366	0.00989728	0.0068691	0.00993796
10	629	7.90748	5.44437	1.0236	0.00989728	0.0068691	0.00993796
10	630	7.91738	5.45124	1.03354	0.00989728	0.0068691	0.00993796
10	631	7.92728	5.45811	1.04348	0.00989728	0.0068691	0.00993796
10	632	7.93717	5.46498	1.05342	0.00989728	0.0068691	0.00993796
10	633	7.94707	5.47185	1.06335	0.00989728	0.0068691	0.00993796
10	634	7.95697	5.47872	1.07329	0.00989728	0.0068691	0.00993796
10	635	7.96686	5.48559	1.08323	0.00989728	0.0068691	0.00993796
10	636	7.97676	5.49246	1.09317	0.00989728	0.0068691	0.00993796
10	637	7.98666	5.49933	1.10311	0.00989728	0.0068691	0.00993796
10	638	7.99656	5.5062	1.11304	0.00989728	0.0068691	0.00993796
10	639	8.00645	5.51306	1.12298	0.00989728	0.0068691	0.00993796
10	640	8.01635	5.51993	1.13292	0.00989728	0.0068691	0.00993796
10	641	8.02625	5.5268	1.14286	0.00989728	0.0068691	0.00993796
10	642	8.03615	5.53367	1.15279	0.00989728	0.0068691	0.00993796
10	643	8.04604	5.54054	1.16273	0.00989728	0.0068691	0.00993796
10	644	8.05594	5.54741	1.17267	0.00989728	0.0068691	0.00993796
10	645	8.06584	5.55428	1.18261	0.00989728	0.0068691	0.00993796
10	646	8.07573	5.56115	1.19255	0.00989728	0.0068691	0.00993796
10	647	8.08563	5.56802	1.20248	0.00989728	0.0068691	0.00993796
10	648	8.09553	5.57489	1.21242	0.00989728	0.0068691	0.00993796
10	649	8.10543	5.58176	1.22236	0.00989728	0.0068691	0.00993796
10	650	8.11532	5.58862	1.2323	0.00989728	0.0068691	0.00993796
10	651	8.12522	5.59549	1.24224	0.00989728	0.0068691	0.00993796
10	652	8.13512	5.60236	1.25217	0.00989728	0.0068691	0.00993796
10	653	8.14502	5.60923	1.26211	0.00989728	0.0068691	0.00993796
10	654	8.15491	5.6161	1.27205	0.00989728	0.0068691	0.00993796
10	655	8.16481	5.62297	1.28199	0.00989728	0.0068691	0.00993796
10	656	8.17471	5.62984	1.29193	0.00989728	0.0068691	0.00993796
10	657	8.1846	5.63671	1.30186	0.00989728	0.0068691	0.00993796
10	658	8.1945	5.64358	1.3118	0.00989728	0.0068691	0.00993796
10	659	8.2044	5.65045	1.32174	0.00989728	0.0068691	0.00993796
10	660	8.2143	5.65732	1.33168	0.00989728	0.0068691	0.00993796
10	661	8.22419	5.66418	1.34162	0.00989728	0.0068691	0.00993796
10	662	8.23409	5.67105	1.35155	0.00989728	0.0068691	0.00993796
10	663	8.24399	5.67792	1.36149	0.00989728	0.0068691	0.00993796
10	664	8.25389	5.68479	1.37143	0.00989728	0.0068691	0.00993796
10	665	8.26378	5.69166	1.38137	0.00989728	0.0068691	0.00993796
10	666	8.27368	5.69853	1.39131	0.00989728	0.0068691	0.00993796
10	667	8.28358	5.7054	1.40124	0.00989728	0.0068691	0.00993796
10	668	8.29348	5.71227	1.41118	0.00989728	0.0068691	0.00993796
10	669	8.30337	5.71914	1.42112	0.00989728	0.0068691	0.00993796
10	670	8.31327	5.72601	1.43106	0.00989728	0.0068691	0.00993796
10	671	8.32317	5.73288	1.441	0.00989728	0.0068691	0.00993796
10	672	8.33306	5.73974	1.45093	0.00989728	0.0068691	0.00993796
10	673	8.34296	5.74661	1.46087	0.00989728	0.0068691	0.00993796
10	674	8.35286	5.75348	1.47081	0.00989728	0.0068691	0.00993796
10	675	8.36276	5.76035	1.48075	0.00989728	0.0068691	0.00993796
10	676	8.37265	5.76722	1.49069	0.00989728	0.0068691	0.00993796
10	677	8.38255	5.77409	1.50062	0.00989728	0.0068691	0.00993796
10	678	8.39245	5.78096	1.51056	0.00989728	0.0068691	0.00993796
10	679	8.40235	5.78783	1.5205	0.00989728	0.0068691	0.00993796
10	680	8.41224	5.7947	1.53044	0.00989728	0.0068691	0.00993796
10	681	8.42214	5.80157	1.54038	0.00989728	0.0068691	0.00993796
10	682	8.43204	5.80844	1.55031	0.00989728	0.0068691	0.00993796
10	683	8.44193	5.8153	1.56025	0.00989728	0.0068691	0.00993796
10	684	8.45183	5.82217	1.57019	0.00989728	0.0068691	0.00993796
10	685	8.46173	5.82904	1.58013	0.00989728	0.0068691	0.00993796
10	686	8.47163	5.83591	1.59006	0.00989728	0.0068691	0.00993796
10	687	8.48152	5.84278	1.6	0.00989728	0.0068691	0.00993796
10	688	8.49142	5.84965	1.60994	0.00989728	0.0068691	0.00993796
10	689	8.50132	5.85652	1.61988	0.00989728	0.0068691	0.00993796
10	690	8.51122	5.86339	1.62982	0.00989728	0.0068691	0.00993796
10	691	8.52111	5.87026	1.63975	0.00989728	0.0068691	0.00993796
10	692	8.53101	5.87713	1.64969	0.00989728	0.0068691	0.00993796
10	693	8.54091	5.884	1.65963	0.00989728	0.0068691	0.00993796
10	694	8.5508	5.89086	1.66957	0.00989728	0.0068691	0.00993796
10	695	8.5607	5.89773	1.67951	0.00989728	0.0068691	0.00993796
10	696	8.5706	5.9046	1.68944	0.00989728	0.0068691	0.00993796
10	697	8.5805	5.91147	1.69938	0.00989728	0.0068691	0.00993796
10	698	8.59039	5.91834	1.70932	0.00989728	0.0068691	0.00993796
10	699	8.60029	5.92521	1.71926	0.00989728	0.0068691	0.00993796
10	700	8.61019	5.93208	1.7292	0.00989728	0.0068691	0.00993796
10	701	8.62009	5.93895	1.73913	0.00989728	0.0068691	0.00993796
10	702	8.62998	5.94582	1.74907	0.00989728	0.0068691	0.00993796
10	703	8.63988	5.95269	1.75901	0.00989728	0.0068691	0.00993796
10	704	8.64978	5.95956	1.76895	0.00989728	0.0068691	0.00993796
10	705	8.65967	5.96642	1.77889	0.00989728	0.0068691	0.00993796
10	706	8.66957	5.97329	1.78882	0.00989728	0.0068691	0.00993796
10	707	8.67947	5.98016	1.79876	0.00989728	0.0068691	0.00993796
10	708	8.68937	5.98703	1.8087	0.00989728	0.0068691	0.00993796
10	709	8.69926	5.9939	1.81864	0.00989728	0.0068691	0.00993796
10	710	8.70916	6.00077	1.82858	0.00989728	0.0068691	0.00993796
10	711	8.71906	6.00764	1.83851	0.00989728	0.0068691	0.00993796
10	712	8.72896	6.01451	1.84845	0.00989728	0.0068691	0.00993796
10	713	8.73885	6.02138	1.85839	0.00989728	0.0068691	0.00993796
10	714	8.74875	6.02825	1.86833	0.00989728	0.0068691	0.00993796
10	715	8.75865	6.03512	1.87827	0.00989728	0.0068691	0.00993796
10	716	8.76854	6.04198	1.8882	0.00989728	0.0068691	0.00993796
10	717	8.77844	6.04885	1.89814	0.00989728	0.0068691	0.00993796
10	718	8.78834	6.05572	1.90808	0.00989728	0.0068691	0.00993796
10	719	8.79824	6.06259	1.91802	0.00989728	0.0068691	0.00993796
10	720	8.80813	6.06946	1.92796	0.00989728	0.0068691	0.00993796
10	721	8.81803	6.07633	1.93789	0.00989728	0.0068691	0.00993796
10	722	8.82793	6.0832	1.94783	0.00989728	0.0068691	0.00993796
10	723	8.83783	6.09007	1.95777	0.00989728	0.0068691	0.00993796
10	724	8.84772	6.09694	1.96771	0.00989728	0.0068691	0.00993796
10	725	8.85762	6.10381	1.97765	0.00989728	0.0068691	0.00993796
10	726	8.86752	6.11068	1.98758	0.00989728	0.0068691	0.00993796
10	727	8.87741	6.11754	1.99752	0.00989728	0.0068691	0.00993796
10	728	8.88731	6.12441	2.00746	0.00989728	0.0068691	0.00993796
10	729	8.89721	6.13128	2.0174	0.00989728	0.0068691	0.00993796
10	730	8.90711	6.13815	2.02734	0.00989728	0.0068691	0.00993796
10	731	8.917	6.14502	2.03727	0.00989728	0.0068691	0.00993796
10	732	8.9269	6.15189	2.04721	0.00989728	0.0068691	0.00993796
10	733	8.9368	6.15876	2.05715	0.00989728	0.0068691	0.00993796
10	734	8.9467	6.16563	2.06709	0.00989728	0.0068691	0.00993796
10	735	8.95659	6.1725	2.07702	0.00989728	0.0068691	0.00993796
10	736	8.96649	6.17937	2.08696	0.00989728	0.0068691	0.00993796
10	737	8.97639	6.18624	2.0969	0.00989728	0.0068691	0.00993796
10	738	8.98628	6.1931	2.10684	0.00989728	0.0068691	0.00993796
10	739	8.99618	6.19997	2.11678	0.00989728	0.0068691	0.00993796
10	740	9.00608	6.20684	2.12671	0.00989728	0.0068691	0.00993796
10	741	9.01598	6.21371	2.13665	0.00989728	0.0068691	0.00993796
10	742	9.02587	6.22058	2.14659	0.00989728	0.0068691	0.00993796
10	743	9.03577	6.22745	2.15653	0.00989728	0.0068691	0.00993796
10	744	9.04567	6.23432	2.16647	0.00989728	0.0068691	0.00993796
10	745	9.05557	6.24119	2.1764	0.00989728	0.0068691	0.00993796
10	746	9.06546	6.24806	2.18634	0.00989728	0.0068691	0.00993796
10	747	9.07536	6.25493	2.19628	0.00989728	0.0068691	0.00993796
10	748	9.08526	6.2618	2.20622	0.00989728	0.0068691	0.00993796
10	749	9.09515	6.26866	2.21616	0.00989728	0.0068691	0.00993796
10	750	9.10505	6.27553	2.22609	0.00989728	0.0068691	0.00993796
10	751	9.11495	6.2824	2.23603	0.00989728	0.0068691	0.00993796
10	752	9.12485	6.28927	2.24597	0.00989728	0.0068691	0.00993796
10	753	9.13474	6.29614	2.25591	0.00989728	0.0068691	0.00993796
10	754	9.14464	6.30301	2.26585	0.00989728	0.0068691	0.00993796
10	755	9.15454	6.30988	2.27578	0.00989728	0.0068691	0.00993796
10	756	9.16444	6.31675	2.28572	0.00989728	0.0068691	0.00993796
10	757	9.17433	6.32362	2.29566	0.00989728	0.0068691	0.00993796
10	758	9.18423	6.33049	2.3056	0.00989728	0.0068691	0.00993796
10	759	9.19413	6.33736	2.31554	0.00989728	0.0068691	0.00993796
10	760	9.20402	6.34423	2.32547	0.00989728	0.0068691	0.00993796
10	761	9.21392	6.35109	2.33541	0.00989728	0.0068691	0.00993796
10	762	9.22382	6.35796	2.34535	0.00989728	0.0068691	0.00993796
10	763	9.23372	6.36483	2.35529	0.00989728	0.0068691	0.00993796
10	764	9.24361	6.3717	2.36523	0.00989728	0.0068691	0.00993796
10	765	9.25351	6.37857	2.37516	0.00989728	0.0068691	0.00993796
10	766	9.26341	6.38544	2.3851	0.00989728	0.0068691	0.00993796
10	767	9.27331	6.39231	2.39504	0.00989728	0.0068691	0.00993796
10	768	9.2832	6.39918	2.40498	0.00989728	0.0068691	0.00993796
10	769	9.2931	6.40605	2.41492	0.00989728	0.0068691	0.00993796
10	770	9.303	6.41292	2.42485	0.00989728	0.0068691	0.00993796
10	771	9.31289	6.41979	2.43479	0.00989728	0.0068691	0.00993796
10	772	9.32279	6.42665	2.44473	0.00989728	0.0068691	0.00993796
10	773	9.33269	6.43352	2.45467	0.00989728	0.0068691	0.00993796
10	774	9.34259	6.44039	2.46461	0.00989728	0.0068691	0.00993796
10	775	9.35248	6.44726	2.47454	0.00989728	0.0068691	0.00993796
10	776	9.36238	6.45413	2.48448	0.00989728	0.0068691	0.00993796
10	777	9.37228	6.461	2.49442	0.00989728	0.0068691	0.00993796
10	778	9.38218	6.46787	2.50436	0.00989728	0.0068691	0.00993796
10	779	9.39207	6.47474	2.51429	0.00989728	0.0068691	0.00993796
