1	0	-3.81965	3.32991	2.5788	0.0942445	-0.0396581	-0.00318304
1	0	-3.81965	3.32991	2.5788	0.0942445	-0.0396581	-0.00318304
1	0.941365	-3.73093	3.29258	2.5758	0.0942445	-0.0396581	-0.00318304
1	1	-3.72541	3.29025	2.57561	0.0942445	-0.0396581	-0.00318304
1	2	-3.63116	3.2506	2.57243	0.0942445	-0.0396581	-0.00318304
1	2.45049	-3.58871	3.23273	2.571	0.0942445	-0.0396581	-0.00318304
1	3	-3.53692	3.21094	2.56925	0.0942445	-0.0396581	-0.00318304
1	3.93606	-3.4487	3.17382	2.56627	0.0942445	-0.0396581	-0.00318304
1	3.99692	-3.44296	3.1714	2.56607	0.0942445	-0.0396581	-0.00318304
1	4	-3.44267	3.17128	2.56607	0.0942445	-0.0396581	-0.00318304
1	4.04325	-3.4386	3.16956	2.56593	0.0942445	-0.0396581	-0.00318304
1	4.07902	-3.43523	3.16815	2.56581	0.0942445	-0.0396581	-0.00318304
1	4.09103	-3.43409	3.16767	2.56578	0.0942445	-0.0396581	-0.00318304
1	4.23783	-3.42026	3.16185	2.56531	0.0942445	-0.0396581	-0.00318304
1	5	-3.34843	3.13162	2.56288	0.0942445	-0.0396581	-0.00318304
1	6	-3.25418	3.09196	2.5597	0.0942445	-0.0396581	-0.00318304
1	6.4768	-3.20925	3.07305	2.55818	0.0942445	-0.0396581	-0.00318304
1	7	-3.15994	3.05231	2.55652	0.0942445	-0.0396581	-0.00318304
1	8	-3.06569	3.01265	2.55333	0.0942445	-0.0396581	-0.00318304
1	8.14894	-3.05166	3.00674	2.55286	0.0942445	-0.0396581	-0.00318304
1	9	-2.97145	2.97299	2.55015	0.0942445	-0.0396581	-0.00318304
1	10	-2.87721	2.93333	2.54697	0.0942445	-0.0396581	-0.00318304
1	11	-2.78296	2.89367	2.54378	0.0942445	-0.0396581	-0.00318304
1	12	-2.68872	2.85401	2.5406	0.0942445	-0.0396581	-0.00318304
1	13	-2.59447	2.81436	2.53742	0.0942445	-0.0396581	-0.00318304
1	13.2999	-2.56621	2.80246	2.53646	0.0942445	-0.0396581	-0.00318304
1	14	-2.50023	2.7747	2.53423	0.0942445	-0.0396581	-0.00318304
1	14.0376	-2.49669	2.77321	2.53412	0.0942445	-0.0396581	-0.00318304
1	15	-2.40598	2.73504	2.53105	0.0942445	-0.0396581	-0.00318304
1	15.0699	-2.3994	2.73227	2.53083	0.0942445	-0.0396581	-0.00318304
1	15.076	-2.39882	2.73203	2.53081	0.0942445	-0.0396581	-0.00318304
1	15.2352	-2.38381	2.72571	2.5303	0.0942445	-0.0396581	-0.00318304
1	15.3559	-2.37244	2.72093	2.52992	0.0942445	-0.0396581	-0.00318304
1	16	-2.31174	2.69538	2.52787	0.0942445	-0.0396581	-0.00318304
1	16.8319	-2.23334	2.66239	2.52522	0.0942445	-0.0396581	-0.00318304
1	17	-2.21749	2.65572	2.52469	0.0942445	-0.0396581	-0.00318304
1	18	-2.12325	2.61607	2.5215	0.0942445	-0.0396581	-0.00318304
1	18.0016	-2.1231	2.616	2.5215	0.0942445	-0.0396581	-0.00318304
1	18.4643	-2.07949	2.59765	2.52002	0.0942445	-0.0396581	-0.00318304
1	19	-2.02901	2.57641	2.51832	0.0942445	-0.0396581	-0.00318304
1	19.0457	-2.0247	2.57459	2.51817	0.0942445	-0.0396581	-0.00318304
1	19.7744	-1.95602	2.5457	2.51585	0.0942445	-0.0396581	-0.00318304
1	20	-1.93476	2.53675	2.51514	0.0942445	-0.0396581	-0.00318304
1	21	-1.84052	2.49709	2.51195	0.0942445	-0.0396581	-0.00318304
1	22	-1.74627	2.45743	2.50877	0.0942445	-0.0396581	-0.00318304
1	22.059	-1.74071	2.45509	2.50858	0.0942445	-0.0396581	-0.00318304
1	22.0674	-1.73992	2.45476	2.50856	0.0942445	-0.0396581	-0.00318304
1	22.0874	-1.73804	2.45397	2.50849	0.0942445	-0.0396581	-0.00318304
1	22.3482	-1.71346	2.44363	2.50766	0.0942445	-0.0396581	-0.00318304
1	22.8578	-1.66543	2.42341	2.50604	0.0942445	-0.0396581	-0.00318304
1	23	-1.65203	2.41778	2.50559	0.0942445	-0.0396581	-0.00318304
1	23.6538	-1.59041	2.39185	2.50351	0.0942445	-0.0396581	-0.00318304
1	24	-1.55778	2.37812	2.5024	0.0942445	-0.0396581	-0.00318304
1	24.2782	-1.53157	2.36709	2.50152	0.0942445	-0.0396581	-0.00318304
1	24.6636	-1.49524	2.3518	2.50029	0.0942445	-0.0396581	-0.00318304
1	25	-1.46354	2.33846	2.49922	0.0942445	-0.0396581	-0.00318304
1	25.6084	-1.4062	2.31433	2.49728	0.0942445	-0.0396581	-0.00318304
1	26	-1.36929	2.2988	2.49604	0.0942445	-0.0396581	-0.00318304
1	26.101	-1.35978	2.2948	2.49572	0.0942445	-0.0396581	-0.00318304
1	27	-1.27505	2.25914	2.49286	0.0942445	-0.0396581	-0.00318304
1	27.1601	-1.25997	2.2528	2.49235	0.0942445	-0.0396581	-0.00318304
1	27.3824	-1.23901	2.24398	2.49164	0.0942445	-0.0396581	-0.00318304
1	27.4263	-1.23487	2.24224	2.4915	0.0942445	-0.0396581	-0.00318304
1	28	-1.1808	2.21949	2.48967	0.0942445	-0.0396581	-0.00318304
1	28.1946	-1.16247	2.21177	2.48905	0.0942445	-0.0396581	-0.00318304
1	29	-1.08656	2.17983	2.48649	0.0942445	-0.0396581	-0.00318304
1	29.1977	-1.06793	2.17199	2.48586	0.0942445	-0.0396581	-0.00318304
1	30	-0.992316	2.14017	2.48331	0.0942445	-0.0396581	-0.00318304
1	31	-0.898072	2.10051	2.48012	0.0942445	-0.0396581	-0.00318304
1	31.3175	-0.868151	2.08792	2.47911	0.0942445	-0.0396581	-0.00318304
1	32	-0.803827	2.06085	2.47694	0.0942445	-0.0396581	-0.00318304
1	32.8164	-0.726883	2.02848	2.47434	0.0942445	-0.0396581	-0.00318304
1	33	-0.709583	2.0212	2.47376	0.0942445	-0.0396581	-0.00318304
1	34	-0.615338	1.98154	2.47057	0.0942445	-0.0396581	-0.00318304
1	34.3065	-0.586448	1.96938	2.4696	0.0942445	-0.0396581	-0.00318304
1	34.343	-0.583012	1.96793	2.46948	0.0942445	-0.0396581	-0.00318304
1	34.4239	-0.575389	1.96473	2.46922	0.0942445	-0.0396581	-0.00318304
1	35	-0.521094	1.94188	2.46739	0.0942445	-0.0396581	-0.00318304
1	35.101	-0.511577	1.93787	2.46707	0.0942445	-0.0396581	-0.00318304
1	36	-0.426849	1.90222	2.46421	0.0942445	-0.0396581	-0.00318304
1	36.5031	-0.379439	1.88227	2.46261	0.0942445	-0.0396581	-0.00318304
1	36.5281	-0.377082	1.88128	2.46253	0.0942445	-0.0396581	-0.00318304
1	36.602	-0.370111	1.87835	2.46229	0.0942445	-0.0396581	-0.00318304
1	37	-0.332605	1.86256	2.46102	0.0942445	-0.0396581	-0.00318304
1	38	-0.23836	1.82291	2.45784	0.0942445	-0.0396581	-0.00318304
1	38.2501	-0.214787	1.81299	2.45705	0.0942445	-0.0396581	-0.00318304
1	38.8302	-0.160117	1.78998	2.4552	0.0942445	-0.0396581	-0.00318304
1	39	-0.144116	1.78325	2.45466	0.0942445	-0.0396581	-0.00318304
1	39.4542	-0.101314	1.76524	2.45321	0.0942445	-0.0396581	-0.00318304
1	40	-0.0498711	1.74359	2.45148	0.0942445	-0.0396581	-0.00318304
1	40.4165	-0.0106148	1.72707	2.45015	-0.0942925	-0.0396581	-0.00318304
1	41	-0.0656309	1.70393	2.44829	-0.0942925	-0.0396581	-0.00318304
1	41.0516	-0.0704936	1.70189	2.44813	-0.0942925	-0.0396581	-0.00318304
1	42	-0.159923	1.66427	2.44511	-0.0942925	-0.0396581	-0.00318304
1	42.2625	-0.184673	1.65386	2.44427	-0.0942925	-0.0396581	-0.00318304
1	42.2789	-0.186217	1.65321	2.44422	-0.0942925	-0.0396581	-0.00318304
1	42.6834	-0.224359	1.63717	2.44293	-0.0942925	-0.0396581	-0.00318304
1	42.9737	-0.251732	1.62566	2.44201	-0.0942925	-0.0396581	-0.00318304
1	43	-0.254216	1.62461	2.44193	-0.0942925	-0.0396581	-0.00318304
1	43.035	-0.25752	1.62323	2.44181	-0.0942925	-0.0396581	-0.00318304
1	43.8885	-0.337991	1.58938	2.4391	-0.0942925	-0.0396581	-0.00318304
1	44	-0.348508	1.58496	2.43874	-0.0942925	-0.0396581	-0.00318304
1	44.0381	-0.352099	1.58345	2.43862	-0.0942925	-0.0396581	-0.00318304
1	44.1453	-0.362212	1.57919	2.43828	-0.0942925	-0.0396581	-0.00318304
1	44.5412	-0.399538	1.56349	2.43702	-0.0942925	-0.0396581	-0.00318304
1	44.7643	-0.420573	1.55465	2.43631	-0.0942925	-0.0396581	-0.00318304
1	45	-0.442801	1.5453	2.43556	-0.0942925	-0.0396581	-0.00318304
1	45.8542	-0.523349	1.51142	2.43284	-0.0942925	-0.0396581	-0.00318304
1	46	-0.537093	1.50564	2.43238	-0.0942925	-0.0396581	-0.00318304
1	46.3723	-0.572202	1.49087	2.43119	-0.0942925	-0.0396581	-0.00318304
1	46.5406	-0.588072	1.4842	2.43066	-0.0942925	-0.0396581	-0.00318304
1	46.9529	-0.626946	1.46785	2.42934	-0.0942925	-0.0396581	-0.00318304
1	47	-0.631386	1.46598	2.42919	-0.0942925	-0.0396581	-0.00318304
1	47.0401	-0.635169	1.46439	2.42907	-0.0942925	-0.0396581	-0.00318304
1	47.793	-0.706158	1.43453	2.42667	-0.0942925	-0.0396581	-0.00318304
1	48	-0.725678	1.42632	2.42601	-0.0942925	-0.0396581	-0.00318304
1	48.0778	-0.733016	1.42324	2.42576	-0.0942925	-0.0396581	-0.00318304
1	49	-0.819971	1.38667	2.42283	-0.0942925	-0.0396581	-0.00318304
1	49.3519	-0.853153	1.37271	2.42171	-0.0942925	-0.0396581	-0.00318304
1	50	-0.914263	1.34701	2.41965	-0.0942925	-0.0396581	-0.00318304
1	50.7839	-0.988177	1.31592	2.41715	-0.0942925	-0.0396581	-0.00318304
1	51	-1.00856	1.30735	2.41646	-0.0942925	-0.0396581	-0.00318304
1	51.0303	-1.01141	1.30615	2.41637	-0.0942925	-0.0396581	-0.00318304
1	51.2857	-1.03549	1.29602	2.41555	-0.0942925	-0.0396581	-0.00318304
1	51.4456	-1.05057	1.28968	2.41504	-0.0942925	-0.0396581	-0.00318304
1	51.6245	-1.06744	1.28258	2.41447	-0.0942925	-0.0396581	-0.00318304
1	51.9613	-1.0992	1.26923	2.4134	-0.0942925	-0.0396581	-0.00318304
1	52	-1.10285	1.26769	2.41328	-0.0942925	-0.0396581	-0.00318304
1	53	-1.19714	1.22803	2.4101	-0.0942925	-0.0396581	-0.00318304
1	53.0225	-1.19927	1.22714	2.41002	-0.0942925	-0.0396581	-0.00318304
1	53.1033	-1.20688	1.22394	2.40977	-0.0942925	-0.0396581	-0.00318304
1	53.3384	-1.22905	1.21461	2.40902	-0.0942925	-0.0396581	-0.00318304
1	54	-1.29143	1.18838	2.40691	-0.0942925	-0.0396581	-0.00318304
1	55	-1.38573	1.14872	2.40373	-0.0942925	-0.0396581	-0.00318304
1	56	-1.48002	1.10906	2.40055	-0.0942925	-0.0396581	-0.00318304
1	56.1122	-1.4906	1.10461	2.40019	-0.0942925	-0.0396581	-0.00318304
1	56.5216	-1.5292	1.08838	2.39889	-0.0942925	-0.0396581	-0.00318304
1	56.5446	-1.53137	1.08746	2.39881	-0.0942925	-0.0396581	-0.00318304
1	57	-1.57431	1.0694	2.39736	-0.0942925	-0.0396581	-0.00318304
1	57.5207	-1.62341	1.04875	2.39571	-0.0942925	-0.0396581	-0.00318304
1	57.75	-1.64503	1.03966	2.39498	-0.0942925	-0.0396581	-0.00318304
1	57.9252	-1.66155	1.03271	2.39442	-0.0942925	-0.0396581	-0.00318304
1	58	-1.6686	1.02974	2.39418	-0.0942925	-0.0396581	-0.00318304
1	59	-1.7629	0.990086	2.391	-0.0942925	-0.0396581	-0.00318304
1	59.0728	-1.76976	0.987199	2.39077	-0.0942925	-0.0396581	-0.00318304
1	59.9625	-1.85365	0.951915	2.38793	-0.0942925	-0.0396581	-0.00318304
1	60	-1.85719	0.950428	2.38781	-0.0942925	-0.0396581	-0.00318304
1	60.9036	-1.94239	0.914592	2.38494	-0.0942925	-0.0396581	-0.00318304
1	61	-1.95148	0.91077	2.38463	-0.0942925	-0.0396581	-0.00318304
1	61.5102	-1.99959	0.890536	2.38301	-0.0942925	-0.0396581	-0.00318304
1	61.8076	-2.02763	0.87874	2.38206	-0.0942925	-0.0396581	-0.00318304
1	62	-2.04577	0.871112	2.38145	-0.0942925	-0.0396581	-0.00318304
1	62.6802	-2.10991	0.844136	2.37928	-0.0942925	-0.0396581	-0.00318304
1	62.9447	-2.13485	0.833646	2.37844	-0.0942925	-0.0396581	-0.00318304
1	63	-2.14007	0.831454	2.37827	-0.0942925	-0.0396581	-0.00318304
1	63.3629	-2.17429	0.817061	2.37711	-0.0942925	-0.0396581	-0.00318304
1	63.5014	-2.18734	0.81157	2.37667	-0.0942925	-0.0396581	-0.00318304
1	63.666	-2.20287	0.805041	2.37615	-0.0942925	-0.0396581	-0.00318304
1	64	-2.23436	0.791795	2.37508	-0.0942925	-0.0396581	-0.00318304
1	65	-2.32865	0.752137	2.3719	-0.0942925	-0.0396581	-0.00318304
1	66	-2.42294	0.712479	2.36872	-0.0942925	-0.0396581	-0.00318304
1	66.1834	-2.44024	0.705204	2.36813	-0.0942925	-0.0396581	-0.00318304
1	66.718	-2.49064	0.684007	2.36643	-0.0942925	-0.0396581	-0.00318304
1	66.9302	-2.51066	0.675587	2.36576	-0.0942925	-0.0396581	-0.00318304
1	67	-2.51724	0.672821	2.36553	-0.0942925	-0.0396581	-0.00318304
1	68	-2.61153	0.633163	2.36235	-0.0942925	-0.0396581	-0.00318304
1	69	-2.70582	0.593505	2.35917	-0.0942925	-0.0396581	-0.00318304
1	69.0598	-2.71146	0.591134	2.35898	-0.0942925	-0.0396581	-0.00318304
1	69.3871	-2.74232	0.578153	2.35793	-0.0942925	-0.0396581	-0.00318304
1	69.7292	-2.77458	0.564586	2.35685	-0.0942925	-0.0396581	-0.00318304
1	70	-2.80011	0.553847	2.35598	-0.0942925	-0.0396581	-0.00318304
1	70.5203	-2.84917	0.533214	2.35433	-0.0942925	-0.0396581	-0.00318304
1	71	-2.89441	0.514189	2.3528	-0.0942925	-0.0396581	-0.00318304
1	71.6566	-2.95632	0.48815	2.35071	-0.0942925	-0.0396581	-0.00318304
1	72	-2.9887	0.474531	2.34962	-0.0942925	-0.0396581	-0.00318304
1	72.7031	-3.055	0.446647	2.34738	-0.0942925	-0.0396581	-0.00318304
1	73	-3.08299	0.434873	2.34643	-0.0942925	-0.0396581	-0.00318304
1	73.5387	-3.13379	0.413507	2.34472	-0.0942925	-0.0396581	-0.00318304
1	74	-3.17728	0.395215	2.34325	-0.0942925	-0.0396581	-0.00318304
1	74.8292	-3.25547	0.36233	2.34061	-0.0942925	-0.0396581	-0.00318304
1	75	-3.27158	0.355557	2.34007	-0.0942925	-0.0396581	-0.00318304
1	75.6695	-3.33471	0.329005	2.33794	-0.0942925	-0.0396581	-0.00318304
1	75.941	-3.3603	0.31824	2.33707	-0.0942925	-0.0396581	-0.00318304
1	76	-3.36587	0.315899	2.33689	-0.0942925	-0.0396581	-0.00318304
1	77	-3.46016	0.276241	2.3337	-0.0942925	-0.0396581	-0.00318304
1	78	-3.55445	0.236583	2.33052	-0.0942925	-0.0396581	-0.00318304
1	78.21	-3.57426	0.228253	2.32985	-0.0942925	-0.0396581	-0.00318304
1	79	-3.64875	0.196924	2.32734	-0.0942925	-0.0396581	-0.00318304
1	79.8709	-3.73086	0.162386	2.32456	-0.0942925	-0.0396581	-0.00318304
1	80	-3.74304	0.157266	2.32415	-0.0942925	-0.0396581	-0.00318304
1	80.4473	-3.78522	0.139527	2.32273	-0.0942925	-0.0396581	-0.00318304
1	80.8947	-3.8274	0.121785	2.32131	-0.0942925	-0.0396581	-0.00318304
1	81	-3.83733	0.117608	2.32097	-0.0942925	-0.0396581	-0.00318304
1	81.2984	-3.86547	0.105775	2.32002	-0.0942925	-0.0396581	-0.00318304
1	81.3197	-3.86747	0.104931	2.31995	-0.0942925	-0.0396581	-0.00318304
1	81.6093	-3.89479	0.093443	2.31903	-0.0942925	-0.0396581	-0.00318304
1	81.8309	-3.91568	0.0846557	2.31833	-0.0942925	-0.0396581	-0.00318304
1	82	-3.93162	0.0779503	2.31779	-0.0942925	-0.0396581	-0.00318304
1	82.7768	-4.00487	0.0471439	2.31531	-0.0942925	-0.0396581	-0.00318304
1	83	-4.02592	0.0382922	2.3146	-0.0942925	-0.0396581	-0.00318304
1	83.7134	-4.09318	0.01	2.31233	-0.0942925	0.0396581	-0.00318304
1	83.9368	-4.11425	0.0188579	2.31162	-0.0942925	0.0396581	-0.00318304
1	84	-4.12021	0.0213658	2.31142	-0.0942925	0.0396581	-0.00318304
1	84.1067	-4.13027	0.0255956	2.31108	-0.0942925	0.0396581	-0.00318304
1	84.6402	-4.18058	0.0467553	2.30938	-0.0942925	0.0396581	-0.00318304
1	85	-4.2145	0.0610239	2.30824	-0.0942925	0.0396581	-0.00318304
1	85.4875	-4.26047	0.080357	2.30669	-0.0942925	0.0396581	-0.00318304
1	85.5001	-4.26166	0.0808572	2.30665	-0.0942925	0.0396581	-0.00318304
1	85.9875	-4.30761	0.100185	2.3051	-0.0942925	0.0396581	-0.00318304
1	86	-4.30879	0.100682	2.30506	-0.0942925	0.0396581	-0.00318304
1	86.4037	-4.34686	0.116692	2.30377	-0.0942925	0.0396581	-0.00318304
1	86.4756	-4.35364	0.119544	2.30354	-0.0942925	0.0396581	-0.00318304
1	87	-4.40309	0.14034	2.30187	-0.0942925	0.0396581	-0.00318304
1	87.0853	-4.41113	0.143724	2.3016	-0.0942925	0.0396581	-0.00318304
1	88	-4.49738	0.179998	2.29869	-0.0942925	0.0396581	-0.00318304
1	89	-4.59167	0.219656	2.29551	-0.0942925	0.0396581	-0.00318304
1	90	-4.68596	0.259314	2.29232	-0.0942925	0.0396581	-0.00318304
1	91	-4.78026	0.298972	2.28914	-0.0942925	0.0396581	-0.00318304
1	91.5538	-4.83247	0.320935	2.28738	-0.0942925	0.0396581	-0.00318304
1	91.7541	-4.85136	0.328878	2.28674	-0.0942925	0.0396581	-0.00318304
1	92	-4.87455	0.33863	2.28596	-0.0942925	0.0396581	-0.00318304
1	92.1325	-4.88704	0.343884	2.28554	-0.0942925	0.0396581	-0.00318304
1	93	-4.96884	0.378288	2.28277	-0.0942925	0.0396581	-0.00318304
1	93.0963	-4.97792	0.382108	2.28247	-0.0942925	0.0396581	-0.00318304
1	93.5	-5.01598	0.398116	2.28118	-0.0942925	0.0396581	-0.00318304
1	93.7593	-5.04044	0.408403	2.28036	-0.0942925	0.0396581	-0.00318304
1	93.7777	-5.04217	0.40913	2.2803	-0.0942925	0.0396581	-0.00318304
1	94	-5.06313	0.417946	2.27959	-0.0942925	0.0396581	-0.00318304
1	94.2703	-5.08862	0.428668	2.27873	-0.0942925	0.0396581	-0.00318304
1	95	-5.15743	0.457605	2.27641	-0.0942925	0.0396581	-0.00318304
1	96	-5.25172	0.497263	2.27322	-0.0942925	0.0396581	-0.00318304
